recipient,vuln_z,pvcci
GEO,-2.1105251844630333,39.8449042214677
MNE,-1.9883431313332003,40.6334862807307
BTN,-1.8707329811357212,41.3925605642051
ALB,-1.8236980904592293,41.6961310968386
BIH,-1.7948160867852825,41.8825400607528
BLR,-1.5770996813118954,43.2877157552642
SRB,-1.5414035191617055,43.5181043625523
PNG,-1.4761949378617851,43.9389707337244
ARM,-1.3079548753496115,45.0248183811314
ECU,-1.2563942129684187,45.3575989514032
COL,-1.2456740787999419,45.4267883721209
IDN,-1.2062659333143675,45.6811346997745
UKR,-1.190746561079995,45.781299152749
LBR,-1.1593563318836158,45.9838965960422
CIV,-1.1560234012225004,46.005407851229
SUR,-1.0794466899044537,46.4996459095681
STP,-1.0134474947053411,46.9256150263623
LAO,-0.9363885071598493,47.4229657708188
GAB,-0.9146584955816918,47.5632146603992
COG,-0.913292753941571,47.5720293703128
BRA,-0.9058107657062595,47.620319291286
TJK,-0.8462206674606613,48.0049230950563
GUY,-0.8245629224752636,48.1447055647569
BEN,-0.8130937574539108,48.2187293476193
GTM,-0.7920639761483009,48.3544588416245
CMR,-0.76384434259471,48.5365927653006
PRY,-0.7628780984496558,48.542829055968
BOL,-0.723941147454773,48.7941342207645
BGD,-0.7085742637001797,48.8933144892674
SLE,-0.7026589018201437,48.9314931589914
VNM,-0.7022398378805684,48.9341978631273
COD,-0.6898630402949777,49.0140796483577
KHM,-0.6729459810123017,49.123264991901
THA,-0.6138910794894376,49.5044145524096
LSO,-0.5536131906743212,49.8934574639683
GIN,-0.5213212346676632,50.1018747929708
AGO,-0.5003483458678859,50.2372370938551
MWI,-0.4902499374492697,50.3024137994517
BDI,-0.41470564102139873,50.7899884907966
LKA,-0.41190388452014837,50.8080714649709
GHA,-0.3629624272642679,51.1239472761685
PER,-0.35563781226629215,51.1712214856817
GNB,-0.35178723826749886,51.1960736918407
TGO,-0.3213495037358464,51.3925235857606
HND,-0.32092791855812314,51.3952445623614
TZA,-0.3079484474621507,51.4790160965828
NPL,-0.30705909823880273,51.4847560954123
NIC,-0.30222892028793513,51.5159308185204
TUR,-0.26134070990176517,51.7798297162713
RWA,-0.260387530760085,51.7859816833658
ZMB,-0.2601879610801414,51.7872697372587
LCA,-0.25821199561406294,51.8000229270796
SWZ,-0.24047960695860807,51.9144705337728
SLV,-0.23748281216405295,51.9338123155627
AZE,-0.1706005300352629,52.3654810133647
DOM,-0.15912537763653234,52.4395434396961
UGA,-0.149440463542158,52.5020513883243
CPV,-0.13563179557910746,52.5911746886703
COM,-0.12915345441543635,52.6329869146445
ETH,-0.08541885600618887,52.9152568453843
CHN,-0.05322403973987179,53.1230472193266
NGA,0.06391395860649918,53.8790741609902
KGZ,0.07201727066498764,53.9313742029869
MMR,0.08646829931572278,54.0246433995665
ARG,0.15733657067448475,54.4820382945853
VCT,0.16567161298057845,54.535833959803
SLB,0.2949351688191961,55.3701211438836
MDA,0.3320038607967838,55.6093682731065
PHL,0.36846296041504856,55.8446809980064
MOZ,0.43447430893001154,56.2707285541998
BLZ,0.4402963591855456,56.3083049761213
LBN,0.5149244249864199,56.7899661718579
HTI,0.54269428226332,56.9691971691762
UZB,0.5560890983237232,57.0556494046869
WSM,0.6030691314247789,57.3588658779582
IND,0.6123084669254503,57.4184979927304
ZAF,0.6802071089140719,57.8567264358525
ZWE,0.6995176873135016,57.9813599257121
MNG,0.765294999369486,58.405896974036
GRD,0.7662795005024442,58.4122510981556
KEN,0.7739372519643912,58.4616754224528
MEX,0.792552804796585,58.5818231087184
MAR,0.812070206483934,58.70779146839
KAZ,0.839083859400166,58.8821418046236
VUT,0.9325117339527417,59.4851399031164
TLS,0.9395128587132698,59.5303262560986
AFG,0.9614566250134985,59.6719547520499
FJI,1.1057251772890833,60.6030865273482
SEN,1.1492768380895053,60.8841757501805
JOR,1.1573720031186316,60.9364232099769
TUN,1.179152664122417,61.0769989988632
BFA,1.1901546528418974,61.1480075528869
DZA,1.1923870520926414,61.1624158064164
BWA,1.199349907944851,61.2073551658856
MDG,1.20873015657332,61.2678967559993
PAK,1.2582543320140778,61.5875335213995
EGY,1.2821886804422609,61.742009545391
GMB,1.3028935497931493,61.8756420068798
YEM,1.3634886063389975,62.2667319685234
TON,1.3964021392180999,62.4791610517689
MLI,1.451481053386468,62.8346489687276
MUS,1.5966469919736515,63.7715726154786
DJI,1.60887258317198,63.8504784910628
NER,1.7395620456918979,64.6939686996323
MRT,1.7471447997383918,64.7429089788934
JAM,1.788903496991532,65.0124261348789
SDN,1.9206357360537227,65.862646586164
IRQ,1.9396562924618463,65.9854082287819
MDV,2.022411293994061,66.5195219373905
